50 68 6f 73 70 68 6f 72 20 72 61 64 69 61 74 65 73 2c 20 6f 
63 63 6c 75 64 69 6e 67 20 6a 61 64 65 64 20 65 79 65 73 2e 
20 43 6f 6d 65 2c 20 74 69 74 61 6e 2e 0a 4f 75 74 77 61 72 
64 20 72 69 6e 67 20 61 76 69 61 6e 20 63 68 6f 72 75 73 65 
73 2c 20 6c 6f 6f 70 69 6e 67 20 65 74 65 72 6e 69 74 79 2e 
0a 43 61 67 65 73 20 6f 66 20 6d 65 6e 20 6d 65 6c 74 20 61 
73 20 6e 69 67 68 74 20 64 65 73 63 65 6e 64 73 2e 0a 45 6d 
65 72 67 65 20 58 65 6c 68 75 61 2e 20 45 72 65 63 74 20 43 
68 6f 6c 75 6c 61 20 75 6e 64 65 72 20 74 68 65 73 65 20 65 
78 70 61 6e 73 65 73 2e 0a 50 75 70 70 65 74 73 20 6c 69 65 
20 61 77 61 6b 65 2e 20 4e 65 76 65 72 20 73 6c 65 65 70 69 
6e 67 2e 20
